1-0(0, 0, 0)
1-1(0, 0, 0)
1-2(0, 0, 0)
1-3(0, 0, 0)
1-4(0, 0, 0)
1-5(0, 0, 0)
1-6(0, 0, 0)
1-7(0, 0, 0)
1-8(146, 79, 0)
1-9(188, 159, 89)
1-10(201, 171, 57)
1-11(0, 0, 0)
1-12(0, 0, 0)
1-13(0, 0, 0)
1-14(0, 0, 0)
1-15(0, 0, 0)
1-16(0, 0, 0)
1-17(0, 0, 0)
1-18(0, 0, 0)
2-0(0, 0, 0)
2-1(0, 0, 0)
2-2(0, 0, 0)
2-3(0, 0, 0)
2-4(0, 0, 0)
2-5(84, 53, 0)
2-6(86, 162, 90)
2-7(111, 182, 202)
2-8(154, 120, 57)
2-9(209, 196, 65)
2-10(148, 23, 0)
2-11(211, 170, 116)
2-12(139, 103, 0)
2-13(196, 130, 52)
2-14(0, 0, 0)
2-15(0, 0, 0)
2-16(0, 0, 0)
2-17(0, 0, 0)
2-18(0, 0, 0)
3-0(0, 0, 0)
3-1(0, 0, 0)
3-2(0, 0, 0)
3-3(0, 0, 0)
3-4(102, 178, 104)
3-5(100, 182, 204)
3-6(93, 145, 79)
3-7(194, 159, 69)
3-8(180, 144, 82)
3-9(231, 212, 84)
3-10(215, 203, 69)
3-11(182, 146, 88)
3-12(182, 66, 69)
3-13(211, 72, 65)
3-14(195, 63, 48)
3-15(223, 197, 76)
3-16(0, 0, 0)
3-17(0, 0, 0)
3-18(0, 0, 0)
4-0(0, 0, 0)
4-1(0, 0, 0)
4-2(0, 0, 0)
4-3(199, 164, 72)
4-4(181, 143, 81)
4-5(162, 122, 71)
4-6(152, 119, 74)
4-7(226, 205, 78)
4-8(166, 129, 59)
4-9(213, 146, 59)
4-10(142, 114, 77)
4-11(219, 129, 128)
4-12(193, 124, 47)
4-13(212, 144, 61)
4-14(148, 22, 7)
4-15(137, 157, 120)
4-16(90, 53, 1)
4-17(0, 0, 0)
4-18(0, 0, 0)
5-0(0, 0, 0)
5-1(0, 0, 0)
5-2(104, 180, 196)
5-3(190, 154, 66)
5-4(159, 178, 195)
5-5(214, 205, 64)
5-6(92, 179, 198)
5-7(92, 191, 210)
5-8(130, 191, 122)
5-9(95, 170, 101)
5-10(112, 163, 97)
5-11(95, 183, 203)
5-12(216, 146, 58)
5-13(220, 205, 76)
5-14(206, 169, 80)
5-15(216, 198, 72)
5-16(162, 128, 82)
5-17(0, 0, 0)
5-18(0, 0, 0)
6-0(0, 0, 0)
6-1(162, 128, 67)
6-2(172, 136, 74)
6-3(203, 170, 73)
6-4(201, 165, 79)
6-5(114, 169, 189)
6-6(82, 199, 216)
6-7(28, 50, 133)
6-8(114, 83, 151)
6-9(84, 75, 184)
6-10(73, 127, 197)
6-11(82, 78, 189)
6-12(141, 156, 117)
6-13(183, 145, 83)
6-14(174, 138, 78)
6-15(139, 106, 63)
6-16(170, 134, 24)
6-17(176, 141, 83)
6-18(0, 0, 0)
7-0(0, 0, 0)
7-1(201, 164, 75)
7-2(174, 142, 85)
7-3(169, 119, 22)
7-4(214, 179, 85)
7-5(72, 129, 196)
7-6(75, 103, 186)
7-7(77, 132, 199)
7-8(90, 155, 213)
7-9(62, 120, 183)
7-10(54, 90, 168)
7-11(74, 98, 184)
7-12(78, 75, 182)
7-13(94, 177, 195)
7-14(188, 151, 63)
7-15(184, 151, 58)
7-16(192, 127, 43)
7-17(194, 157, 87)
7-18(0, 0, 0)
8-0(0, 0, 0)
8-1(194, 159, 75)
8-2(150, 118, 71)
8-3(84, 199, 218)
8-4(107, 189, 113)
8-5(100, 179, 194)
8-6(86, 169, 209)
8-7(102, 189, 234)
8-8(109, 80, 144)
8-9(84, 75, 184)
8-10(73, 101, 184)
8-11(115, 84, 152)
8-12(114, 83, 151)
8-13(80, 108, 67)
8-14(195, 164, 73)
8-15(163, 126, 73)
8-16(201, 164, 86)
8-17(117, 178, 111)
8-18(141, 109, 62)
9-0(128, 171, 115)
9-1(115, 198, 212)
9-2(118, 92, 75)
9-3(92, 182, 108)
9-4(81, 198, 218)
9-5(98, 173, 196)
9-6(75, 103, 186)
9-7(85, 105, 192)
9-8(89, 81, 193)
9-9(82, 73, 182)
9-10(84, 75, 184)
9-11(84, 72, 184)
9-12(72, 126, 200)
9-13(86, 140, 210)
9-14(243, 217, 96)
9-15(184, 147, 92)
9-16(177, 141, 83)
9-17(114, 183, 129)
9-18(170, 135, 81)
10-0(134, 100, 52)
10-1(133, 197, 137)
10-2(145, 112, 71)
10-3(80, 124, 73)
10-4(96, 160, 99)
10-5(82, 74, 186)
10-6(144, 113, 173)
10-7(74, 67, 173)
10-8(166, 132, 193)
10-9(182, 132, 161)
10-10(113, 82, 150)
10-11(113, 83, 147)
10-12(102, 71, 139)
10-13(100, 179, 194)
10-14(32, 102, 162)
10-15(96, 155, 91)
10-16(179, 140, 81)
10-17(94, 175, 192)
10-18(141, 163, 116)
11-0(109, 186, 196)
11-1(122, 180, 119)
11-2(85, 155, 206)
11-3(128, 144, 105)
11-4(104, 197, 212)
11-5(67, 156, 196)
11-6(79, 104, 188)
11-7(114, 83, 151)
11-8(139, 107, 170)
11-9(196, 138, 189)
11-10(113, 82, 150)
11-11(83, 73, 185)
11-12(80, 73, 185)
11-13(75, 132, 199)
11-14(123, 178, 113)
11-15(200, 165, 75)
11-16(180, 140, 88)
11-17(38, 47, 4)
11-18(114, 180, 118)
12-0(0, 0, 0)
12-1(118, 200, 212)
12-2(99, 149, 90)
12-3(79, 179, 215)
12-4(101, 178, 198)
12-5(78, 131, 197)
12-6(74, 102, 185)
12-7(69, 127, 190)
12-8(75, 101, 185)
12-9(83, 75, 187)
12-10(115, 84, 152)
12-11(82, 75, 187)
12-12(75, 103, 186)
12-13(125, 176, 120)
12-14(154, 121, 76)
12-15(105, 185, 112)
12-16(194, 159, 69)
12-17(96, 176, 103)
12-18(98, 196, 221)
13-0(0, 0, 0)
13-1(73, 126, 196)
13-2(78, 175, 208)
13-3(123, 183, 121)
13-4(191, 156, 90)
13-5(168, 136, 89)
13-6(111, 180, 117)
13-7(87, 179, 220)
13-8(84, 72, 184)
13-9(141, 110, 170)
13-10(90, 71, 186)
13-11(111, 84, 153)
13-12(75, 130, 197)
13-13(176, 141, 77)
13-14(106, 178, 202)
13-15(85, 197, 217)
13-16(185, 151, 88)
13-17(105, 165, 101)
13-18(0, 0, 0)
14-0(0, 0, 0)
14-1(73, 157, 183)
14-2(118, 200, 212)
14-3(86, 152, 210)
14-4(103, 180, 196)
14-5(167, 178, 198)
14-6(103, 176, 107)
14-7(84, 75, 184)
14-8(77, 177, 211)
14-9(86, 77, 184)
14-10(75, 130, 195)
14-11(73, 131, 195)
14-12(87, 198, 217)
14-13(195, 143, 44)
14-14(137, 155, 115)
14-15(178, 148, 88)
14-16(162, 127, 87)
14-17(112, 161, 106)
14-18(0, 0, 0)
15-0(0, 0, 0)
15-1(0, 0, 0)
15-2(53, 121, 186)
15-3(150, 196, 157)
15-4(84, 153, 208)
15-5(77, 184, 218)
15-6(119, 198, 211)
15-7(103, 180, 200)
15-8(73, 131, 195)
15-9(73, 129, 203)
15-10(116, 200, 210)
15-11(80, 162, 212)
15-12(105, 84, 53)
15-13(107, 190, 204)
15-14(135, 181, 194)
15-15(102, 180, 200)
15-16(167, 178, 196)
15-17(0, 0, 0)
15-18(0, 0, 0)
16-0(0, 0, 0)
16-1(0, 0, 0)
16-2(149, 179, 187)
16-3(75, 130, 197)
16-4(117, 199, 211)
16-5(136, 179, 195)
16-6(80, 200, 214)
16-7(111, 202, 203)
16-8(130, 126, 101)
16-9(219, 201, 77)
16-10(76, 129, 199)
16-11(88, 199, 218)
16-12(127, 164, 113)
16-13(104, 186, 112)
16-14(122, 198, 212)
16-15(117, 199, 211)
16-16(131, 176, 199)
16-17(0, 0, 0)
16-18(0, 0, 0)
17-0(0, 0, 0)
17-1(0, 0, 0)
17-2(0, 0, 0)
17-3(184, 211, 192)
17-4(51, 119, 164)
17-5(119, 201, 213)
17-6(104, 206, 229)
17-7(79, 140, 207)
17-8(180, 145, 81)
17-9(176, 142, 81)
17-10(200, 164, 78)
17-11(81, 201, 217)
17-12(101, 178, 198)
17-13(85, 196, 213)
17-14(94, 164, 94)
17-15(90, 173, 203)
17-16(0, 0, 0)
17-17(0, 0, 0)
17-18(0, 0, 0)
18-0(0, 0, 0)
18-1(0, 0, 0)
18-2(0, 0, 0)
18-3(0, 0, 0)
18-4(0, 0, 0)
18-5(34, 106, 121)
18-6(104, 183, 198)
18-7(131, 179, 201)
18-8(101, 178, 106)
18-9(84, 181, 216)
18-10(117, 199, 211)
18-11(75, 130, 197)
18-12(66, 151, 192)
18-13(134, 179, 198)
18-14(0, 0, 0)
18-15(0, 0, 0)
18-16(0, 0, 0)
18-17(0, 0, 0)
18-18(0, 0, 0)
19-0(0, 0, 0)
19-1(0, 0, 0)
19-2(0, 0, 0)
19-3(0, 0, 0)
19-4(0, 0, 0)
19-5(0, 0, 0)
19-6(0, 0, 0)
19-7(124, 179, 173)
19-8(109, 174, 192)
19-9(80, 205, 223)
19-10(100, 179, 194)
19-11(63, 173, 190)
19-12(0, 0, 0)
19-13(0, 0, 0)
19-14(0, 0, 0)
19-15(0, 0, 0)
19-16(0, 0, 0)
19-17(0, 0, 0)
19-18(0, 0, 0)
